[STATE]
ORIENT=3 2400.000000 350.116473 94.642263 0.000000
ZOOMPAN=-916 -2340 1685 295
ZOOMWINDOW=1377.953857 196.850388 6913.372070 110.236389
LABELS=010000110001000000011111000000000010110000
SCALES1=0.100000
SCALES2=0.500000
SCALES3=0.100000
SCALES4=5.000000
SCALES5=0.050000
SCALES6=200.000000
SCALES7=200.000000
SCALES8=1.000000
SCALES9=1.000000
SCALES10=5.000000
SCALES11=1.000000
SCALES12=1.000000
SCALES13=5.000000
SCALES14=0.100000
SCALES15=0.200000
SCALES16=3.000000
SCALES17=3.000000
